fReward
10, 10, 10, 10, 10, 10, 10, 10, 10, 10, 10, 10, 10, 9, 9, 9, 9, 9, 9, 9, 

10, 10, 10, 10, 10, 10, 10, 10, 10, 10, 10, 10, 9, 9, 9, 9, 8, 8, 9, 9, 

10, 10, 10, 10, 10, 10, 10, 10, 10, 9, 9, 9, 9, 9, 9, 9, 9, 9, 9, 9, 

10, 10, 9, 9, 9, 9, 9, 9, 9, 9, 9, 9, 10, 10, 10, 10, 10, 10, 10, 10, 

9, 9, 9, 9, 9, 9, 9, 9, 8, 8, 9, 9, 10, 10, 10, 10, 10, 10, 10, 10, 

9, 9, 9, 9, 9, 8, 8, 8, 8, 9, 10, 9, 9, 10, 10, 9, 9, 9, 9, 9, 

8, 8, 8, 8, 8, 8, 9, 10, 9, 9, 10, 10, 9, 10, 9, 9, 9, 9, 9, 9, 

8, 8, 8, 8, 8, 9, 10, 10, 10, 9, 10, 9, 9, 10, 9, 9, 9, 9, 8, 9, 

8, 8, 9, 8, 9, 10, 10, 10, 10, 10, 9, 9, 9, 9, 9, 8, 9, 8, 8, 8, 

9, 9, 9, 8, 9, 10, 10, 10, 10, 10, 9, 10, 10, 9, 9, 8, 9, 8, 8, 8, 

9, 9, 9, 9, 9, 10, 10, 10, 10, 10, 9, 10, 10, 9, 9, 9, 9, 9, 9, 8, 

9, 9, 9, 9, 9, 10, 10, 10, 10, 10, 10, 10, 10, 9, 10, 10, 10, 10, 10, 10, 

9, 9, 9, 9, 9, 9, 10, 10, 10, 10, 9, 10, 10, 9, 10, 10, 10, 10, 10, 10, 

9, 9, 9, 9, 9, 9, 9, 9, 10, 10, 9, 10, 9, 9, 10, 10, 10, 10, 10, 10, 

9, 9, 9, 9, 9, 9, 9, 9, 9, 9, 9, 9, 9, 10, 10, 10, 10, 10, 10, 10, 

9, 9, 9, 9, 9, 9, 9, 9, 9, 8, 8, 8, 9, 10, 10, 10, 10, 10, 10, 10, 

9, 9, 9, 9, 9, 9, 9, 9, 9, 9, 9, 8, 9, 9, 10, 10, 10, 10, 10, 10, 

9, 9, 9, 9, 9, 9, 9, 9, 9, 9, 9, 9, 9, 9, 9, 9, 9, 9, 9, 10, 

8, 9, 9, 9, 9, 9, 9, 9, 9, 9, 9, 9, 9, 8, 9, 9, 9, 9, 9, 9, 

9, 9, 9, 9, 9, 9, 9, 9, 9, 9, 9, 9, 9, 9, 9, 9, 9, 9, 9, 9, 

bReward
10, 10, 10, 10, 10, 10, 10, 10, 10, 10, 10, 10, 10, 10, 10, 10, 10, 10, 10, 9, 

10, 10, 10, 10, 10, 10, 10, 10, 10, 10, 10, 10, 10, 10, 10, 10, 9, 9, 10, 9, 

10, 10, 10, 10, 10, 10, 10, 10, 10, 10, 10, 9, 9, 9, 9, 9, 9, 9, 9, 9, 

10, 10, 10, 10, 10, 10, 10, 10, 10, 9, 9, 9, 9, 9, 9, 9, 9, 9, 9, 9, 

10, 10, 10, 10, 10, 10, 10, 9, 9, 9, 9, 9, 9, 9, 9, 9, 9, 9, 9, 9, 

10, 9, 9, 9, 9, 9, 9, 9, 9, 10, 10, 9, 9, 9, 9, 9, 9, 9, 9, 9, 

9, 9, 9, 9, 9, 9, 9, 9, 9, 9, 10, 9, 9, 9, 9, 9, 9, 9, 9, 9, 

9, 9, 9, 9, 9, 9, 10, 9, 9, 9, 9, 9, 9, 9, 9, 9, 9, 9, 9, 9, 

9, 9, 9, 9, 9, 10, 9, 9, 9, 9, 9, 9, 9, 9, 9, 9, 9, 9, 9, 9, 

10, 10, 10, 9, 9, 9, 9, 9, 9, 9, 9, 9, 9, 9, 9, 9, 9, 9, 8, 9, 

10, 10, 10, 9, 9, 9, 9, 9, 9, 9, 9, 9, 9, 9, 9, 9, 9, 9, 9, 9, 

10, 10, 10, 9, 9, 9, 9, 9, 9, 9, 9, 9, 9, 9, 9, 9, 9, 9, 9, 9, 

10, 10, 10, 9, 9, 9, 9, 9, 9, 9, 9, 10, 9, 9, 9, 9, 9, 9, 9, 9, 

10, 10, 10, 10, 9, 9, 9, 9, 9, 9, 9, 10, 9, 9, 9, 9, 9, 9, 9, 9, 

10, 10, 10, 10, 10, 9, 9, 9, 9, 9, 9, 10, 9, 9, 9, 9, 9, 9, 9, 9, 

10, 10, 10, 10, 10, 10, 9, 9, 9, 9, 9, 9, 9, 9, 9, 9, 9, 9, 9, 9, 

9, 9, 9, 9, 9, 9, 9, 9, 9, 9, 9, 9, 9, 9, 9, 9, 9, 9, 9, 9, 

9, 9, 9, 9, 9, 9, 9, 9, 9, 9, 9, 9, 9, 9, 9, 9, 9, 9, 9, 9, 

9, 10, 10, 10, 10, 10, 10, 10, 10, 10, 10, 10, 10, 10, 9, 10, 10, 10, 10, 10, 

10, 10, 10, 10, 10, 10, 10, 10, 10, 10, 10, 10, 10, 10, 10, 10, 10, 10, 10, 10, 

Columns
2, 2, 2, 2, 2, 2, 2, 2, 2, 2, 2, 2, 2, 2, 2, 2, 2, 2, 2, 

2, 2, 2, 2, 2, 2, 2, 2, 2, 2, 2, 2, 2, 2, 2, 2, 2, 2, 2, 

2, 2, 2, 2, 2, 2, 2, 2, 2, 2, 2, 1, 2, 2, 2, 2, 2, 2, 2, 

2, 2, 2, 2, 2, 2, 2, 2, 2, 1, 1, 2, 2, 2, 2, 2, 2, 2, 2, 

2, 2, 2, 2, 2, 2, 2, 2, 2, 2, 1, 2, 2, 2, 2, 2, 2, 2, 2, 

2, 2, 2, 2, 2, 2, 1, 2, 2, 2, 2, 1, 2, 2, 2, 1, 1, 2, 1, 

2, 2, 2, 2, 2, 1, 2, 2, 1, 2, 2, 2, 2, 2, 1, 1, 2, 1, 1, 

2, 2, 2, 2, 1, 2, 2, 2, 2, 1, 2, 2, 1, 2, 2, 1, 1, 1, 1, 

2, 2, 2, 1, 2, 2, 2, 2, 2, 1, 2, 2, 1, 2, 1, 2, 2, 1, 2, 

2, 2, 2, 1, 2, 2, 2, 2, 2, 2, 2, 2, 1, 2, 2, 2, 2, 2, 2, 

2, 2, 2, 2, 2, 2, 2, 2, 2, 2, 2, 2, 1, 2, 2, 2, 2, 2, 2, 

2, 2, 2, 2, 2, 2, 2, 2, 2, 2, 2, 2, 2, 2, 2, 2, 2, 2, 2, 

2, 2, 2, 1, 2, 2, 2, 2, 2, 2, 2, 2, 1, 2, 2, 2, 2, 2, 2, 

2, 2, 2, 2, 1, 2, 2, 2, 2, 1, 2, 2, 1, 2, 2, 2, 2, 2, 2, 

2, 2, 2, 2, 2, 1, 2, 2, 2, 1, 2, 2, 1, 2, 2, 2, 2, 2, 2, 

2, 2, 2, 2, 2, 2, 1, 2, 2, 2, 2, 2, 2, 2, 2, 2, 2, 2, 2, 

2, 2, 2, 2, 2, 2, 2, 2, 2, 2, 2, 1, 2, 2, 2, 2, 2, 2, 2, 

1, 2, 2, 2, 2, 1, 2, 1, 2, 1, 1, 1, 2, 1, 2, 2, 2, 2, 1, 

2, 2, 2, 1, 2, 2, 2, 2, 2, 2, 2, 1, 2, 2, 2, 2, 2, 2, 2, 

2, 2, 2, 2, 2, 2, 2, 2, 2, 2, 2, 2, 2, 2, 1, 2, 2, 2, 2, 

Rows
2, 2, 2, 2, 2, 2, 2, 2, 2, 2, 2, 2, 2, 2, 2, 2, 2, 2, 2, 2, 

2, 2, 2, 2, 2, 2, 2, 2, 2, 2, 2, 2, 2, 2, 1, 1, 1, 1, 1, 2, 

2, 2, 2, 2, 2, 2, 2, 2, 2, 2, 2, 1, 2, 2, 2, 2, 2, 2, 2, 2, 

2, 2, 2, 2, 2, 2, 2, 2, 2, 1, 1, 2, 2, 2, 2, 2, 2, 2, 2, 2, 

2, 2, 2, 2, 2, 2, 2, 2, 2, 2, 2, 1, 2, 2, 2, 2, 2, 1, 2, 2, 

2, 2, 2, 2, 2, 2, 1, 2, 1, 2, 2, 2, 1, 2, 2, 1, 1, 1, 1, 1, 

2, 2, 2, 2, 2, 1, 2, 2, 2, 1, 2, 2, 1, 2, 1, 2, 1, 1, 1, 1, 

2, 2, 2, 2, 1, 2, 2, 2, 2, 2, 1, 1, 1, 2, 2, 1, 1, 1, 1, 1, 

2, 2, 2, 2, 1, 2, 2, 2, 2, 2, 2, 2, 2, 2, 2, 1, 1, 1, 1, 1, 

2, 2, 2, 2, 2, 2, 2, 2, 2, 2, 2, 2, 2, 2, 2, 2, 2, 2, 2, 2, 

2, 2, 2, 2, 2, 2, 2, 2, 2, 2, 2, 2, 2, 2, 2, 2, 2, 2, 2, 2, 

2, 2, 2, 2, 2, 2, 2, 2, 2, 2, 2, 2, 2, 2, 2, 2, 2, 2, 2, 2, 

2, 2, 2, 2, 1, 2, 2, 2, 2, 2, 2, 2, 2, 2, 2, 2, 2, 2, 2, 2, 

2, 2, 2, 2, 2, 1, 2, 2, 2, 2, 2, 2, 1, 2, 2, 2, 2, 2, 2, 2, 

2, 2, 2, 2, 2, 2, 1, 2, 2, 1, 2, 2, 1, 2, 2, 2, 2, 2, 2, 2, 

2, 2, 2, 2, 2, 2, 2, 1, 2, 2, 1, 2, 1, 2, 2, 2, 2, 2, 2, 2, 

2, 2, 2, 2, 2, 1, 2, 2, 2, 2, 1, 2, 2, 2, 2, 2, 2, 2, 2, 2, 

1, 2, 2, 2, 2, 2, 2, 2, 1, 2, 2, 2, 2, 1, 2, 1, 2, 2, 2, 2, 

2, 2, 2, 2, 2, 2, 2, 2, 2, 2, 2, 2, 2, 2, 2, 2, 2, 2, 1, 1,